222222222222222222222222222222222222222222222222222222222222222222222221021220202121002202021010011
222222222222222222222222222222222222222222222222222222222222222222222222222222222222222222222222222
222222222222222222222222222222222222222222222222222222222222222222222222222121202220212210220222222
222222222222222222222222222222222222222222222222222222222222222222222222212001212100112012212012112
222222222222222222222222220222111111020212000022221100120210101100112012101102002200120121002022100
222222222222222222222222222222222222222222222222222222222222222222222222222222222222222222222222222
222222222222222222222222222210112122210122002001021112220000211110211112222220012212101011122012012
222222222222222222222222222222222221201202021002111211110121020102222222201200010211000110011222100
222222222222222222222222222222222222222222222222222222222222222222222222222222222222222222222222222
222222222222222222222222222222222012001001211002111101012012200001122020001221001022200010202010121
222222222222222222222222222222222222222222222222222222222222222222222222222221201211201111202010022
222222222222222222222222222222222222222222222222222222222222222222222222202221022001202112120210000
222222222222222222222222222222222222222222222222222222222222222222222222222222222222222222222222222
121010000010110200200222122011102101212220021112112022012002211122022220212012002200012001120012121
222222222222202111111000111111200211020211221220011210020021021201111102212201210201110111001022221
222222222222222222222222222222222222222222222222222222222222222222222222222222222222221220201101100
222222222222222222222222222222222222222222222222222222222222120021120201211201222002022001000102021
222222222222222222222222222222222222222222222222222222222222222222222222222222222212202120110210022
222222222222222222222222222222222100210121021101102120221101012021210121220101200101121120020121221
222222222222222222222222222222222222222222222222202020100010021121122120220011222201002110012000121
110101020002022011000011121010100111020101221122020121100012021212220221210022221122101121202220202
222222222222222222222222222222222222222112010222221010102222022001211102120101222101002002022121101
222222222222222222222222222222222222222222222222222222222222222222222211020020112022112010111212011
101022200002120011201011210001211010202021202222001101012022121111220000200112222022001021212121022
222222222200022212002102102001202012011020212112010220202020120111010022012021211001202222202202012
222222222222222222222222222222101200100202102210211222210120022001021120111210021200021111110010011
222222222222222222222222222222222222222222222222222222222222222222222222222222222222222222222222222
222222222222222222222222222222222222222222222222222222222222222222222222222202002101100102012222101
200111102022100011201220012211010200001200002001210111100210112200020200012021211100000112010110020
222222222222222222222222222222222222222222222222222222222000010110120210011022012011020022102012112
222222222222222222222222222222222222222222222210110221222121211120121010020021111122220220212102011
222222222222222222222220202000122221111100200110122202121211122120002222002121002102220100002212212
022011021011011221000110210100010202121122121010202120022002122000101011120211000122110210220102022
222222222222222222222222222222222222222222222222222222222222222222222222222222222222212210021212111
222222222222222222222222222222222222222222222222222201122222122101120120002122202122211011012111102
120202220021121002112200001010112100000212220202121122011100221222112110002010011011111222012121001
222222222222222222222222222222222222222222222222222222222222222222222222222222222222222222222222222
222222222200100021012222020202010002201221220201101001021211002121000221210220010220012201101012200
222222222222222222102022200012002210012011021220201102111100211011200021212012200002112002202002221
222222011122011121112211010020210212100212120120201002010100010021220020211011100021012202120220021
100000020121010221211200211201110110000222112212020212020101122011200100101211011122120001110011211
222222222222222222222222222222222222222222222222222222222222222222222222222222222222222222222222222
020211200222210210012012121111122101220020021222022120222010010211022001112122220122000120200221001
222222222222222222222222222222222222222222222222222222222222222222222222202210011020212212221200110
222222222222222222222222222222222222222222222222222222220212110211100012220101211110210202022102110
222222222222222211001221100100001220212102200112101102012010110100212120202202020211212000122121011
222222222222222222222222222222222222222222222222222222222222222222222222222222222222222222222222222
222222222222222222222222222222222222222222222222222222222222222222222201102111101112212101210202111
001222212120211021200201110212002111001000000120000122222200220012221101212100101121002221000111210
002202120212222010002012000111010112201112001002210000100020101212002220222222211121011110221021222
121222011002001001121220021021211002120222110200010120010010222010222111100111001210120001002120122
222222222222222222222222222222222222222222222222222222222222222222222222222222222210022221201221110
222222222222222222222222222222222222222222222222222222222222222221101200101001201102112200200200222
222222222222222222222222222222222222222222222222222220101220121101012202022102010111202200100111111
222222222222222222222222222222222222222222222222012201011110020221201211111120210012022102221200221
222222222222222222222222222222222222222222222222222222222222222222222222222222222222222222222222222
222222222222222222222222222222222222222222222222222222222222222222222222222222220211220112112100110
222222222222222222222222222222222222001020000010020221102022010212220202211002210202222220110102022
100021101000111101111212100021101012222102120021012020202120020101120202012211110212120220210022221
222222222222222222222222222222222222222222222222222222222222222222222222222222222222222222222222222
111012001102212012122120210022210022002222000202212000112120002101010112120102102211021020220122200
222222222222222222222222222222211202020111220102210222212110010002200202200110000022212210010002221
122002001220101002111202220121021121211112000112010202111100110111202122121120101111220101010112120
222222222222222222222222222222222222222222222222222222222222222222222222222222222222222222222222222
222222222222222222222222222222222222222222220020002212221212000111100012221201101002200220100101010
222222222222222222222222222222222222222222222222222222222222222222222222222222222222222222121122012
222222222222222222222222222222222222222222222110102002211201122221222222220111202112220121201112010
222222222222222222222222222222222222222222222222222222111110100101210002012002000111121100000012212
222222222222222222222222222222222220211221102021122021112102112121120101222221000021111110022122021
222222222222222222222222222222222222222222220020020212120121201022210201012100001212222020220101001
222222222222222222222222222222222222222222222222222222222222222222222222222222222211100002102221021
222222222222222222222222222222222222222222222222222222222222221120110021021201021021020021102211001
222222222222222222222222222222222222222222211012121200112201222022200110112212021010221212211122222
222222222222222222222222222222222222222222222222222222222222222222222222222222222222222011221120000
222222222222222222222222222222222222222222222222222222222222222222222222222222222222222222222222222
120120122110001111002201101221120211121121112111101212110021120100112012200002110112220121122200101
222222201121221000122010100210012010212000012121111102211002101122110122200022000001011001201200000
222222222222222222222222222222222222222222222222222011211011210201212212012022011111022022111202202
222222222222222222222222222222222222222222222222222222222222222222222222222222222222222222222222222
222222222222222222222222010020202012001011211010021110100000100112102021121220011200001110111002021
222222222222222222222222222222222222222222222222222222222222222222222222222222222222222222222222222
222222222121001002122210112220121201000102002210221212020010221112211220221111012222021100110210002
222222222222222222222222222222222222222222222222222222222222222222222222222222222222222222222212020
222222222222222222222222222222222222222222222222222222211110010222112201210022210122002212002121200
222222222222222222222222222222222222222222222222222222222222222222222222222222222222222222222021202
122011120110120012102120111121020121112212011201112211010220202122000220122111021201002001022221210
000210020001112010201022120000111202220100002012220220010221220011101221001111100000022210001220221
002102201000021112010000222010110100110222022220012110002020210122110000002012212110210211220221210
221212220202222022222022022221122221122110112011012222102202220102001022010101111212210010000121001
222222222222222222222222222222222222222222222222222222222222222222222222222222222222222222222222222
222222222222222222222222222222222222222222222222222222222222222222222222222222222222222222222222222
222222222222222222222222222222222222222222222222222222222222011212011110121021010221121202201220001
222222222222222222222222222222222222222222222222222222222222222222222220001012112212000022212100002
222222222222222222222222222222222222222222222222222222222222222222222222222222222222222222222222222
222222222222222222222222222222222222222222222222222222222222222000021120200200100002201022022100021
222222222222222222222222222222222222222222222222222222222222222222222222222222222222222222222222222
010002202222120111200020200101101202120000211111211111222011202122121110220111212000011012220112002
222222222222222222222222222222222222222222222222222222222222222222222222222222222222222222222222222
222222222222222222222222202111020012011122111110021221102101110111112222010012110121011201102001110
002000011210021011102210220110111222102002221012120021001011220012011111201111021012022001122122022
101022201201222012011200210112222012100112101010100202021101221202221102120010020100020122111121002
222222222222222222222222222222222222222222222222222222222222222222222222222222222222222222222222222
222222222222222222222222222222222222222222222222222222222222222022200012001101210211221011100022100
222222222222222222222222222222222222222222222222222222222222222222222222222011112012210220101211111
222222222222222222222222010211100000001021212001010220210010122110002002100221000102011110000002000
102220002212122011012112101011120201121121011210212120120022222010112011002221102211200212011222222
222222222222222222222222222222222222222222222222222222222222222222222222222222222222202201111221201
001001222111001112101211120121121211010102201011002012212111020101001222011210220210111221220200011
222222222222222222222222222222222222222222221102012201002210201111022211010111002211100111211022100
222222222222222222222222222222222222222222222222222222222222222222220121012100210000001210221112121
222222222222212110122010002220111122222220001121011111202012011212022102220122100010200012100011121
222222222222222222222222222222202220220200012002102011011122102122202202220222212001002020021012120
222222222222222222222222222222222222222222222222001200022120100211221022102222011202021022002202210
222222222222222222222222222222222222222222210120101221101112111022222000001011020020101200121112112
200011012212211110222022010102210001101000121111012201100202021000021000121211100211001111102200102
222222222222222222222222222222100211112210212200022001000210110210202212002010001222101121101011221
222222222011111122022200112220120110201211112010201122022101122201011002222220011110120120001000211
222222222222222222222222222222222222222200112211102012212110000022021002002220021112101012202122200
222222222222222222222222222222222222222220122000110120210212201220001002222020110202000021111021211
000021211220021012100211212211010010121021001020021101212221022212012200110220101201201221121120102
101111022101100020201101001020010020001221002010100220102002012200221100120021101212100200001010210
222222222222222222222222222222222222222222222222222222222222222222222222222222021202022102201220200
222222222222222222222222222222222222222222222222222222222222222222222222222222222222222222222222222
222222222222222222222222222222222010101212112102200110122012212101112220022221100000010221202221222
222222222222222222222222222222222222222222222222222222222222222222222220110002020201011202111210222
222222222222222222222222222222222222222222222222222222112211022220022001200110202012012120022122101
222222222222222222222222220022221202212201211210012010021211100111220001211002210100220010121100012
222222222222222222222222222222222222222222222222222222222222222222222222222222222222222222222222222
222222222222222222222222222202212102002212122021012211012120220101200001110000220022000012220221102
222222222222222222222222222222222222222222222222222222222222001202201202000112101121022002110020021
222222222222222222222222222212121002001011221011002022121020221202112002222022021211020121221000122
222222222222222222222222222222222222220202100121122110100211010002211100220102012212210111012202002
222222222222222222222222222222222222222222200220202120102100102112122101201222010112012101010202201
222222222222222222222212112002111220121001012111020210010001111112021200020022000102110202121122212
222222222222222222222222222222222222222222222222222222222220221021102002022210011020022110121010212
222222222222222222222222222222222222222222222222222222222222222222222222222222222222222222222222222
222222222222222222222222222222222222222220000212210210000211110211022120010211121010202010112210110
222222222222222222222222222222222222222222222222222222222222222200120202102212112012112121210100211
222222222222222222222222222222222222221211120112011212010110210221210012110121111200122022202021101
222222222222222202220110112002201210102012101012100101220210211212212100220200222000112111010112102
222222222222222222222222222222222222222222222222222222222222222221201200200110202000000200110020112
222222222222222222222222222222222222222222222222222222222222222222222222222222222222222222222222222
222222222222222222222222222222222222222222222211012220212100012021102101001201110102121222111201000
222222222222222221120110220212120021010200222101020212102200202220211022101000002100021012002102012
222222222222222222222222222222222222222222222222222222222222222222222222222222222222222222222222222
221210200012201001201022212122200101022020221202111220101101000010220100212210211121110221110211022
222222220101210001012021222020222221000111012121002121201200122101201210121220000022202212200221101
002112102100112222212210011221121210110221211222200100101102200011220221221021101102221120211100201
222222222222222222222222222222222222222222012122200100001101211212210100100022012202120221022122210
222222222222222222222222222222222222222222222222222222222222222222202211221110002200212221111202210
